99343
36293
39671
98973
84076
37021
94807
74687
40991
93902
27949
22162
83949
1324
38969
87236
82330
85490
62400
85383
44284
90458
13202
36022
65010
89938
193
35998
34174
65296
82771
17807
65719
33845
44277
71243
79911
17440
61183
26350
36659
71140
90613
57383
97776
54261
79259
30863
21350
3475
69216
3415
94738
46950
29153
24147
51209
43626
28937
26962
37975
99033
47598
38290
66773
6796
33876
94825
30505
28826
2781
74729
36831
4294
22832
78977
14559
25770
31558
80015
78214
50575
59597
57550
67664
24329
65242
41574
25426
82245
70881
92587
88580
74413
3498
76793
98964
85551
85762
3485
